100
3 1 5 15 13 11
3 0 8 23 22 21
2 1 5 6 0
1 0 8 21
2 1 1 29 14
3 0 6 17 22 28
1 0 5 30
2 0 0 0 0
3 1 5 22 8 28
2 2 0 16 13
1 0 1 0
1 0 9 24
1 0 7 17
3 3 2 18 7 20
1 1 3 24
1 0 3 5
3 0 10 27 27 23
1 1 10 6
1 0 5 12
1 1 4 16
3 0 6 2 15 14
1 0 6 0
2 0 8 11 6
2 1 7 17 18
1 0 4 20
3 1 2 2 24 2
2 0 4 13 8
1 0 2 24
3 2 9 29 14 24
1 1 6 18
2 0 6 29 10
3 1 8 21 21 26
1 1 7 26
3 3 0 21 22 25
1 0 3 30
3 3 10 10 28 3
2 0 6 14 5
1 0 5 22
3 2 1 0 10 25
2 1 3 5 29
2 2 0 5 9
3 2 10 13 30 15
2 0 7 17 18
2 0 7 20 29
1 0 1 0
2 2 7 16 18
1 0 8 12
2 0 4 19 9
1 0 4 13
1 0 5 11
1 0 8 20
1 0 10 30
1 0 7 9
1 1 2 16
2 0 4 8 8
1 0 8 18
1 0 1 26
3 0 7 16 9 14
1 1 1 2
2 0 3 7 21
2 1 8 21 20
2 0 10 18 19
3 3 7 12 9 22
1 0 7 17
2 1 7 2 15
2 2 4 24 21
1 0 8 2
3 0 10 30 30 30
1 0 8 10
2 0 7 17 3
1 0 7 18
1 0 9 24
1 0 4 2
1 0 0 30
1 0 1 30
2 0 8 5 21
3 0 7 17 17 7
1 0 5 11
3 3 2 19 11 20
2 0 3 0 6
2 1 3 25 16
3 0 1 16 10 21
3 2 3 2 13 4
2 0 6 1 15
3 1 3 22 12 28
1 1 9 22
1 0 9 23
3 1 5 12 0 11
2 2 9 5 17
2 2 8 26 17
1 1 1 24
3 1 6 14 0 21
1 1 1 28
1 0 4 9
1 0 2 24
1 0 2 2
2 0 9 0 1
1 1 10 18
3 3 1 18 20 12
1 1 0 15
